# クリーン統合ユニバース(ETF帯・データ異常・流動性不足を除外)
1719
1720
1721
1723
1762
1766
1786
1801
1802
1803
1808
1812
1813
1814
1815
1820
1822
1833
1835
1852
1860
1861
1870
1871
1878
1879
1882
1885
1887
1893
1898
1899
1909
1911
1925
1926
1928
1930
1934
1938
1939
1941
1942
1944
1945
1946
1950
1951
1952
1959
1961
1963
1964
1965
1968
1969
1975
1976
1979
1980
1982
2001
2002
2004
2038
2053
2060
2108
2109
2120
2121
2124
2127
2146
2153
2154
2157
2158
2160
2168
2170
2175
2181
2201
2206
2207
2212
2220
2222
2229
2243
2244
2264
2267
2269
2270
2281
2282
2288
2292
2296
2301
2315
2317
2325
2326
2327
2331
2334
2337
2353
2354
2371
2379
2384
2395
2413
2429
2432
2433
2471
2492
2501
2502
2503
2513
2516
2525
2531
2579
2585
2587
2590
2593
2594
2602
2607
2613
2621
2624
2631
2632
2640
2644
2659
2664
2670
2674
2678
2681
2685
2695
2702
2705
2726
2730
2733
2734
2737
2742
2749
2752
2760
2767
2768
2780
2782
2784
2791
2801
2802
2805
2809
2810
2811
2815
2820
2842
2854
2865
2870
2871
2874
2875
2897
2914
2918
2931
2962
2972
2975
2979
2980
2982
2986
2989
3001
3002
3003
3028
3034
3036
3038
3040
3046
3048
3050
3064
3076
3086
3087
3088
3091
3092
3093
3097
3099
3101
3103
3104
3105
3106
3107
3110
3116
3131
3132
3139
3148
3150
3151
3153
3156
3167
3168
3176
3179
3182
3186
3191
3193
3196
3197
3201
3222
3226
3231
3232
3234
3245
3249
3252
3269
3276
3279
3281
3282
3283
3284
3287
3288
3289
3290
3291
3292
3295
3296
3299
3302
3309
3315
3333
3349
3350
3360
3371
3374
3382
3387
3391
3395
3397
3399
3401
3402
3405
3407
3415
3431
3433
3436
3443
3445
3449
3455
3459
3462
3465
3466
3468
3471
3475
3476
3479
3480
3481
3482
3487
3488
3491
3492
3496
3498
3539
3543
3549
3558
3563
3569
3591
3608
3612
3626
3632
3635
3636
3656
3659
3660
3661
3662
3663
3664
3668
3673
3676
3679
3687
3692
3696
3697
3708
3733
3741
3762
3763
3765
3769
3771
3774
3778
3798
3810
3817
3825
3836
3837
3844
3850
3853
3854
3861
3863
3864
3865
3880
3891
3901
3903
3905
3907
3915
3923
3932
3941
3946
3950
3962
3964
3968
3984
3989
3993
3994
4004
4005
4008
4021
4022
4023
4025
4027
4028
4041
4042
4043
4044
4045
4046
4047
4051
4052
4061
4062
4063
4064
4071
4078
4082
4088
4091
4092
4095
4099
4107
4118
4151
4165
4169
4182
4183
4186
4187
4188
4189
4194
4202
4203
4204
4205
4206
4208
4212
4220
4251
4259
4272
4275
4290
4293
4307
4324
4344
4368
4385
4401
4403
4443
4452
4471
4478
4502
4503
4506
4507
4516
4519
4521
4523
4527
4528
4534
4536
4540
4543
4544
4547
4552
4568
4569
4587
4588
4592
4612
4613
4631
4634
4661
4665
4676
4680
4681
4684
4686
4689
4694
4704
4714
4716
4718
4743
4751
4755
4768
4776
4812
4813
4816
4819
4825
4828
4849
4901
4902
4911
4912
4922
4927
4967
4970
4996
5019
5020
5021
5101
5105
5108
5110
5121
5122
5142
5161
5185
5186
5192
5195
5201
5202
5208
5210
5214
5218
5232
5233
5240
5243
5246
5253
5262
5273
5288
5301
5302
5310
5331
5332
5333
5334
5344
5351
5367
5381
5384
5393
5401
5406
5408
5410
5411
5423
5440
5444
5445
5451
5461
5463
5471
5480
5482
5541
5563
5574
5602
5631
5632
5698
5702
5703
5706
5707
5711
5713
5714
5715
5724
5726
5741
5801
5802
5803
5805
5821
5830
5831
5832
5834
5838
5842
5844
5851
5857
5885
5889
5892
5901
5911
5929
5930
5938
5943
5946
5947
5949
5970
5975
5976
5981
5985
5988
5989
5991
5992
6005
6013
6016
6023
6027
6036
6055
6058
6062
6071
6072
6080
6085
6088
6098
6103
6104
6113
6118
6135
6136
6141
6143
6145
6146
6178
6194
6196
6209
6222
6226
6227
6235
6237
6238
6250
6255
6258
6268
6269
6273
6277
6282
6284
6301
6302
6305
6306
6309
6323
6324
6326
6328
6330
6361
6363
6367
6370
6371
6383
6395
6407
6412
6417
6432
6448
6455
6457
6458
6459
6460
6465
6469
6471
6472
6473
6474
6479
6481
6486
6501
6503
6504
6506
6507
6508
6516
6517
6532
6535
6544
6564
6586
6588
6590
6592
6594
6597
6613
6619
6622
6632
6645
6651
6668
6674
6676
6701
6702
6703
6706
6707
6723
6724
6727
6740
6744
6750
6752
6753
6754
6758
6762
6768
6770
6779
6794
6800
6806
6807
6810
6814
6817
6823
6841
6845
6849
6856
6857
6861
6866
6869
6875
6890
6902
6908
6914
6920
6923
6925
6929
6941
6947
6951
6952
6954
6961
6963
6965
6971
6976
6981
6986
6988
6995
6998
7003
7004
7011
7012
7013
7018
7148
7167
7177
7180
7181
7182
7186
7189
7201
7202
7203
7211
7220
7224
7238
7239
7240
7241
7242
7245
7259
7261
7267
7269
7270
7272
7276
7278
7279
7280
7282
7296
7309
7313
7327
7337
7373
7381
7412
7419
7433
7447
7453
7456
7458
7459
7476
7480
7504
7513
7532
7537
7550
7552
7581
7599
7606
7611
7649
7701
7711
7716
7717
7721
7729
7730
7731
7733
7734
7735
7741
7745
7747
7751
7752
7762
7780
7803
7826
7832
7846
7860
7864
7867
7868
7911
7912
7915
7921
7936
7942
7947
7951
7965
7966
7970
7972
7974
7976
7981
8001
8002
8005
8012
8015
8016
8020
8022
8031
8035
8037
8043
8052
8053
8056
8058
8059
8060
8065
8074
8079
8081
8086
8088
8098
8103
8113
8125
8129
8130
8131
8133
8136
8142
8151
8157
8159
8173
8174
8179
8194
8200
8214
8218
8219
8227
8233
8237
8242
8244
8252
8253
8255
8267
8273
8276
8278
8281
8282
8283
8304
8306
8308
8309
8316
8331
8334
8336
8341
8343
8345
8346
8354
8358
8359
8360
8361
8362
8366
8367
8368
8377
8381
8386
8387
8393
8395
8399
8410
8411
8418
8425
8439
8473
8524
8558
8570
8572
8584
8585
8591
8593
8595
8601
8604
8609
8613
8616
8628
8630
8697
8698
8707
8715
8725
8750
8766
8771
8795
8801
8802
8804
8818
8830
8848
8850
8871
8876
8877
8892
8934
8951
8952
8953
8954
8955
8956
8957
8960
8961
8963
8964
8966
8967
8968
8972
8975
8977
8979
8984
8985
8987
9001
9003
9005
9006
9007
9008
9009
9010
9020
9021
9022
9024
9031
9041
9042
9044
9045
9048
9064
9065
9069
9072
9075
9076
9101
9104
9107
9110
9119
9142
9147
9201
9202
9247
9270
9301
9303
9304
9308
9310
9364
9401
9404
9412
9418
9432
9433
9434
9435
9436
9449
9468
9474
9501
9502
9503
9504
9505
9506
9507
9508
9509
9513
9531
9532
9533
9534
9536
9543
9601
9602
9603
9605
9616
9619
9672
9678
9682
9684
9697
9699
9706
9715
9716
9722
9735
9743
9744
9755
9757
9759
9793
9832
9843
9861
9887
9889
9900
9902
9956
9962
9984
9989
